[gd_scene load_steps=11 format=2]

[ext_resource path="res://unit/structure/drill_ghost.tscn" type="PackedScene" id=1]
[ext_resource path="res://unit/structure/spawn_platform_ghost.tscn" type="PackedScene" id=2]
[ext_resource path="res://unit/structure/storage_pod_ghost.tscn" type="PackedScene" id=3]
[ext_resource path="res://unit/worker/drone.gd" type="Script" id=4]

[sub_resource type="CubeMesh" id=2]
size = Vector3( 0.2, 0.075, 0.25 )

[sub_resource type="CubeMesh" id=3]
size = Vector3( 0.025, 0.025, 0.375 )

[sub_resource type="CubeMesh" id=4]
size = Vector3( 0.45, 0.002, 0.012 )

[sub_resource type="QuadMesh" id=5]
size = Vector2( 0.17, 0.22 )

[sub_resource type="SpatialMaterial" id=6]
albedo_color = Color( 0, 0.905882, 1, 1 )

[sub_resource type="BoxShape" id=7]
extents = Vector3( 0.406, 0.031, 0.406 )

[node name="Drone" type="KinematicBody"]
script = ExtResource( 4 )
unit_name = "worker"
ghosts = {
"Spawn Platform": ExtResource( 2 ),
"Storage Pod": ExtResource( 3 )
}
drill_ghost = ExtResource( 1 )

[node name="Body" type="MeshInstance" parent="."]
mesh = SubResource( 2 )
material/0 = null
__meta__ = {
"_editor_description_": ""
}

[node name="ArmLF" type="MeshInstance" parent="."]
transform = Transform( 0.707107, 0, 0.707107, 0, 1, 0, -0.707107, 0, 0.707107, 0.176776, 0, 0.176776 )
mesh = SubResource( 3 )
material/0 = null
__meta__ = {
"_editor_description_": ""
}

[node name="Rotor" type="MeshInstance" parent="ArmLF"]
transform = Transform( 1, -2.38419e-07, 0, 2.38419e-07, 1, 0, 0, 0, 1, 0, 0.015, 0.175 )
mesh = SubResource( 4 )
material/0 = null

[node name="ArmRF" type="MeshInstance" parent="."]
transform = Transform( 0.707107, 0, -0.707107, 0, 1, 0, 0.707107, 0, 0.707107, -0.176776, 0, 0.176776 )
mesh = SubResource( 3 )
material/0 = null
__meta__ = {
"_editor_description_": ""
}

[node name="Rotor" type="MeshInstance" parent="ArmRF"]
transform = Transform( -1, 1.50996e-07, 0, -1.50996e-07, -1, 0, 0, 0, 1, 0, 0.015, 0.175 )
mesh = SubResource( 4 )
material/0 = null

[node name="ArmLB" type="MeshInstance" parent="."]
transform = Transform( -0.707107, 0, 0.707106, 0, 1, 0, -0.707106, 0, -0.707107, 0.176777, 0, -0.176776 )
mesh = SubResource( 3 )
material/0 = null
__meta__ = {
"_editor_description_": ""
}

[node name="Rotor" type="MeshInstance" parent="ArmLB"]
transform = Transform( -1, 1.50996e-07, 0, -1.50996e-07, -1, 7.10543e-15, 0, 7.10543e-15, 1, 0, 0.015, 0.175 )
mesh = SubResource( 4 )
material/0 = null

[node name="ArmRB" type="MeshInstance" parent="."]
transform = Transform( -0.707107, 0, -0.707107, 0, 1, 0, 0.707107, 0, -0.707107, -0.176776, 0, -0.176776 )
mesh = SubResource( 3 )
material/0 = null
__meta__ = {
"_editor_description_": ""
}

[node name="Rotor" type="MeshInstance" parent="ArmRB"]
transform = Transform( 1, -2.38419e-07, 0, 2.38419e-07, 1, 0, 0, 0, 1, 0, 0.015, 0.175 )
mesh = SubResource( 4 )
material/0 = null
__meta__ = {
"_editor_description_": ""
}

[node name="Indicator" type="Spatial" parent="."]
transform = Transform( 1, 0, 0, 0, 1, 0, 0, 0, 1, 0, 0.04, -0.11 )

[node name="MeshInstance" type="MeshInstance" parent="Indicator"]
transform = Transform( 1, 0, 0, 0, -4.37114e-08, 1, 0, -1, -4.37114e-08, 0, 0, 0.110295 )
mesh = SubResource( 5 )
material/0 = SubResource( 6 )

[node name="CollisionShape" type="CollisionShape" parent="."]
shape = SubResource( 7 )

[node name="RayCast" type="RayCast" parent="."]
enabled = true
cast_to = Vector3( 0, -5, 0 )

[node name="MunitionMesh" type="MeshInstance" parent="."]
transform = Transform( 1, 0, 0, 0, 1, 0, 0, 0, 1, 0, -0.119316, 0.0750224 )
